%YAML:1.0
---
model_type: KANNALA_BRANDT
camera_name: camera_left
image_width: 1384
image_height: 1036
projection_parameters:
   k2: 8.4944935573812066e-02
   k3: 4.6727303941876998e-03
   k4: 4.5672283306075423e-02
   k5: -2.5551854023896002e-02
   mu: 7.6094654370911996e+02
   mv: 7.6260586842963312e+02
   u0: 6.9443580315176882e+02
   v0: 4.9295052516950403e+02
