%YAML:1.0
---
model_type: KANNALA_BRANDT
camera_name: camera_right
image_width: 1384
image_height: 1036
projection_parameters:
   k2: 9.3727920034094026e-02
   k3: -2.6217919392687739e-02
   k4: 1.0021391281672604e-01
   k5: -6.0936886030333461e-02
   mu: 7.6276992811151808e+02
   mv: 7.6434177671239968e+02
   u0: 6.8722745576027501e+02
   v0: 5.0150863773279417e+02
