%YAML:1.0
---
transform:
   q_x: -5.2068963681749002e-03
   q_y: -1.4938486664518482e-03
   q_z: -6.1711077491330719e-03
   q_w: 9.9996628646945962e-01
   t_x: -2.9875051614299369e-01
   t_y: -2.1107799139853259e-03
   t_z: -3.1323152940154866e-04
